Entry,Motif
A0A8I6GM68,"MOTIF 66..75; /note=""Nuclear export signal""; /evidence=""ECO:0000250|UniProtKB:Q9Z2V5"""
A0QT91,"MOTIF 170..173; /note=""DEAH box""; /evidence=""ECO:0000255|PROSITE-ProRule:PRU00541"""
A6TGC5,"MOTIF 319..322; /note=""DEAH box""; /evidence=""ECO:0000255|HAMAP-Rule:MF_00983""; MOTIF 326..340; /note=""Aromatic-rich loop (ARL)""; /evidence=""ECO:0000269|PubMed:24379377"""
C3W5S0,"MOTIF 124..139; /note=""Nuclear localization signal 1 (NLS1)""; /evidence=""ECO:0000250|UniProtKB:P03433""; MOTIF 184..247; /note=""Nuclear localization signal 2 (NLS2)""; /evidence=""ECO:0000255|HAMAP-Rule:MF_04063"""
F0LJX3,"MOTIF 179..182; /note=""DEAH box""; /evidence=""ECO:0000255|PROSITE-ProRule:PRU00541"""
O96533,"MOTIF 300..302; /note=""Nuclear localization signal""; /evidence=""ECO:0000269|PubMed:22666434"""
Q53AM4,"MOTIF 74..119; /note=""Nuclear localization signal""; /evidence=""ECO:0000250|UniProtKB:P09592""; MOTIF 164..174; /note=""Nuclear export signal""; /evidence=""ECO:0000250|UniProtKB:P09592"""
Q5EP34,"MOTIF 124..139; /note=""Nuclear localization signal 1 (NLS1)""; /evidence=""ECO:0000250|UniProtKB:P03433""; MOTIF 184..247; /note=""Nuclear localization signal 2 (NLS2)""; /evidence=""ECO:0000255|HAMAP-Rule:MF_04063"""
Q5F6V8,"MOTIF 319..322; /note=""DEAH box""; /evidence=""ECO:0000255|HAMAP-Rule:MF_00983"""
Q7TQN4,"MOTIF 301..304; /note=""Nuclear localization signal""; /evidence=""ECO:0000255""; MOTIF 535..543; /note=""9aaTAD""; /evidence=""ECO:0000255"""
Q8CWM9,"MOTIF 205..208; /note=""DEAD box""; /evidence=""ECO:0000255|PROSITE-ProRule:PRU00541"""
Q90YL6,"MOTIF 128..147; /note=""FTZ-F1 box""; /evidence=""ECO:0000250|UniProtKB:O00482"""
Q9VC03,"MOTIF 380..383; /note=""Nuclear localization signal""; /evidence=""ECO:0000269|PubMed:26616331"""
Q9VDE8,"MOTIF 972..974; /note=""BRAT1-like motif""; /evidence=""ECO:0000269|PubMed:39032490"""
Q9VT00,"MOTIF 151..158; /note=""Nuclear localization signal""; /evidence=""ECO:0000255|PROSITE-ProRule:PRU00768"""
A0A075D654,"MOTIF 133..139; /note=""Vacuolar targeting signal""; /evidence=""ECO:0000255"""
A0A075D6M1,"MOTIF 135..141; /note=""Vacuolar targeting signal""; /evidence=""ECO:0000255"""
A0A1B5KW97,"MOTIF 178..180; /note=""TXY""; /evidence=""ECO:0000250|UniProtKB:P32485"""
A0A482PJY4,"MOTIF 211..213; /note=""PDZ-binding motif""; /evidence=""ECO:0000305|PubMed:36511702"""
A0A8J1LLF7,"MOTIF 165..168; /note=""DECH box""; /evidence=""ECO:0000250|UniProtKB:B3DLA6"""
A0A974H8H3,"MOTIF 165..168; /note=""DECH box"""
B4XYC8,"MOTIF 37..39; /note=""QXQ; important for activity""; /evidence=""ECO:0000305|PubMed:28396405"""
E1BN00,"MOTIF 119..124; /note=""Selectivity filter""; /evidence=""ECO:0000250|UniProtKB:O60928"""
G4NCP4,"MOTIF 278..280; /note=""Peroxisome targeting signal (PTS1)""; /evidence=""ECO:0000250|UniProtKB:Q08558"""
L0MZ46,"MOTIF 64..66; /note=""Integrin-binding motif""; /evidence=""ECO:0000269|PubMed:25724270"""
L7N648,"MOTIF 73..78; /note=""BH3-like 1""; /evidence=""ECO:0000305|PubMed:36258102""; MOTIF 134..139; /note=""BH3-like 2""; /evidence=""ECO:0000305|PubMed:36258102"""
Q4J8R1,"MOTIF 175..178; /note=""DEAH box""; /evidence=""ECO:0000255|PROSITE-ProRule:PRU00541"""
Q88NV1,"MOTIF 154..157; /note=""DEAH box""; /evidence=""ECO:0000255|PROSITE-ProRule:PRU00541"""
Q8XAN6,"MOTIF 213..215; /note=""PDZ-binding motif""; /evidence=""ECO:0000305|PubMed:36511702"""
Q9MCT1,"MOTIF 54..61; /note=""Walker A motif""; /evidence=""ECO:0000305|PubMed:35947691""; MOTIF 149..154; /note=""Walker B motif""; /evidence=""ECO:0000305|PubMed:35947691"""
A0A089LCJ8,"MOTIF 564..566; /note=""N-K motif""; /evidence=""ECO:0000250|UniProtKB:P05804"""
A0A0F7TWX5,"MOTIF 103..108; /note=""D(D/E)XX(D/E) motif""; /evidence=""ECO:0000250|UniProtKB:Q9UR08""; MOTIF 227..237; /note=""NSE motif""; /evidence=""ECO:0000250|UniProtKB:Q9UR08""; MOTIF 316..323; /note=""WxxxxxRY motif""; /evidence=""ECO:0000250|UniProtKB:P9WEY7"""
A0A3Q7EKL1,"MOTIF 8..15; /note=""Nuclear localization signal 1""; /evidence=""ECO:0000255|PROSITE-ProRule:PRU00768""; MOTIF 138..145; /note=""Nuclear localization signal 2""; /evidence=""ECO:0000255|PROSITE-ProRule:PRU00768"""
A0A5B9GBF0,"MOTIF 171..173; /note=""TXY""; /evidence=""ECO:0000250|UniProtKB:P32485"""
A0A7J6K452,"MOTIF 332..335; /note=""Prevents secretion from ER""; /evidence=""ECO:0000255|PROSITE-ProRule:PRU10138"""
A0A9E7LUL3,"MOTIF 218..225; /note=""Nuclear localization signal""; /evidence=""ECO:0000255|PROSITE-ProRule:PRU00768"""
A0A9E7S5E3,"MOTIF 206..213; /note=""Nuclear localization signal""; /evidence=""ECO:0000255|PROSITE-ProRule:PRU00768"""
A1DBL3,"MOTIF 72..83; /note=""Gamma-core""; /evidence=""ECO:0000269|PubMed:37272210"""
A6TGW7,"MOTIF 169..174; /note=""Important for interaction with partner proteins""; /evidence=""ECO:0000255|HAMAP-Rule:MF_00984"""
G1XJZ4,"MOTIF 171..173; /note=""TXY""; /evidence=""ECO:0000250|UniProtKB:P32485"""
Q0CPG8,"MOTIF 103..108; /note=""D(D/E)XX(D/E) motif""; /evidence=""ECO:0000250|UniProtKB:Q9UR08""; MOTIF 227..237; /note=""NSE motif""; /evidence=""ECO:0000250|UniProtKB:Q9UR08""; MOTIF 316..323; /note=""WxxxxxRY motif""; /evidence=""ECO:0000250|UniProtKB:P9WEY7"""
Q6M0N3,"MOTIF 14..24; /note=""QXSXEXXXL""; /evidence=""ECO:0000305|PubMed:17114255"""
Q6M0N4,"MOTIF 9..19; /note=""QXSXEXXXL""; /evidence=""ECO:0000305|PubMed:21075925"""
Q6M0N7,"MOTIF 9..19; /note=""QXSXEXXXL""; /evidence=""ECO:0000305|PubMed:17114255"""
Q9AYZ3,"MOTIF 216..220; /note=""Basic cluster""; /evidence=""ECO:0000250|UniProtKB:P35837"""
Q9LYL8,"MOTIF 155..162; /note=""Nuclear localization signal""; /evidence=""ECO:0000255|PROSITE-ProRule:PRU00768"""
A2IA78,"MOTIF 92..94; /note=""Putative integrin attachment site; atypical (WGD)""; /evidence=""ECO:0000303|PubMed:38211910"""
P0DXI9,"MOTIF 537..541; /note=""EAR""; /evidence=""ECO:0000250|UniProtKB:Q9FHH2"""
P9WEF7,"MOTIF 24..31; /note=""Nuclear localization signal""; /evidence=""ECO:0000255|PROSITE-ProRule:PRU00768"""
Q6LZC0,"MOTIF 6..14; /note=""QXSXEXXXL""; /evidence=""ECO:0000305"""
Q6LZM3,"MOTIF 9..17; /note=""QXSXEXXXL""; /evidence=""ECO:0000305"""
Q6LZM4,"MOTIF 8..16; /note=""QXSXEXXXL""; /evidence=""ECO:0000305"""
